# oST version 5.0 parameters


[image]

width
640

height
480

[narrow_stereo]

camera matrix
585.387944 0.000000 290.488301
0.000000 585.837178 176.395568
0.000000 0.000000 1.000000

distortion
0.000960 0.032999 -0.000848 0.000060 0.000000

rectification
1.000000 0.000000 0.000000
0.000000 1.000000 0.000000
0.000000 0.000000 1.000000

projection
591.391663 0.000000 291.144603 0.000000
0.000000 591.805664 176.664539 0.000000
0.000000 0.000000 1.000000 0.000000
