# oST version 5.0 parameters


[image]

width
640

height
480

[narrow_stereo]

camera matrix
810.189633 0.000000 332.420253
0.000000 815.378750 260.358347
0.000000 0.000000 1.000000

distortion
-0.054298 0.087582 0.001958 -0.001829 0.000000

rectification
1.000000 0.000000 0.000000
0.000000 1.000000 0.000000
0.000000 0.000000 1.000000

projection
805.264893 0.000000 331.805230 0.000000
0.000000 811.799316 260.915725 0.000000
0.000000 0.000000 1.000000 0.000000
